1736, 990, 391, 263, 625, 1623, 1937, 1972, 550, 1926, 1680, 1278, 902, 966, 358, 198, 960, 284, 420, 1428, 172, 1779, 1412, 1007
1504, 907, 704, 1301, 133, 1807, 328, 762, 2012, 1726, 144, 1766, 94, 1567, 1820, 633, 1234, 1484, 1292, 145, 1045, 1654, 1182, 1050
769, 939, 555, 1990, 1297, 2029, 1219, 1263, 771, 1404, 623, 1617, 699, 99, 324, 1186, 1866, 1783, 1420, 2077, 1209, 415, 103, 235
1442, 1413, 1180, 703, 846, 1249, 706, 1300, 1464, 395, 118, 1406, 1828, 802, 697, 1207, 45, 1216, 1659, 437, 1125, 250, 457, 1798
1805, 640, 1258, 1262, 147, 2075, 1947, 779, 1165, 278, 366, 355, 854, 253, 2121, 2085, 878, 501, 50, 2073, 1148, 225, 1641, 611
257, 843, 334, 1993, 1315, 1697, 753, 131, 1550, 376, 1789, 159, 851, 1572, 1354, 1853, 219, 1043, 289, 390, 1452, 700, 1651, 1251
1226, 197, 659, 323, 685, 1196, 1914, 1117, 1171, 333, 1645, 1933, 157, 719, 524, 260, 1981, 1797, 1505, 1470, 791, 1715, 642, 538
1198, 1044, 1126, 1992, 1339, 1581, 1366, 1817, 937, 948, 1023, 87, 403, 1217, 938, 836, 1893, 1668, 1076, 2095, 544, 195, 1064, 379
784, 521, 1415, 254, 413, 1265, 105, 2046, 67, 183, 1211, 734, 1230, 1030, 1984, 974, 1340, 525, 1939, 1033, 1073, 1854, 1146, 1398
1643, 248, 1019, 716, 1109, 51, 8, 1061, 364, 973, 1552, 733, 962, 1898, 1439, 1239, 170, 850, 1423, 2035, 1393, 1833, 1074, 564
874, 1949, 449, 1699, 671, 1160, 362, 883, 1105, 1244, 168, 717, 574, 1970, 1016, 563, 1513, 421, 1435, 1320, 1648, 613, 998, 1289
1527, 1431, 438, 1376, 1615, 1829, 1687, 882, 1663, 545, 1174, 1502, 789, 217, 736, 1113, 892, 1604, 1692, 126, 675, 726, 428, 171
1769, 1350, 1684, 718, 598, 408, 586, 1959, 1857, 799, 1609, 129, 353, 1078, 346, 2019, 488, 608, 692, 161, 281, 1325, 3, 834
944, 1357, 1827, 2086, 752, 1536, 100, 676, 325, 72, 1808, 1370, 1975, 1685, 1075, 484, 911, 1566, 1864, 1456, 215, 1952, 2059, 319
1221, 1976, 141, 107, 370, 926, 855, 1496, 959, 1029, 373, 478, 1889, 2042, 701, 220, 740, 163, 272, 1228, 1516, 499, 963, 361
1719, 554, 1487, 2130, 1430, 1896, 1341, 2062, 2036, 943, 1012, 467, 326, 404, 1881, 1066, 2103, 2024, 705, 2082, 887, 1902, 1419, 56
1543, 2106, 592, 1295, 987, 344, 18, 1834, 466, 175, 1282, 1776, 1094, 1967, 1327, 1650, 363, 2056, 1212, 1291, 575, 993, 433, 10
765, 537, 1469, 609, 468, 1750, 1166, 162, 401, 889, 1742, 748, 1730, 1433, 1518, 1161, 480, 650, 837, 1506, 1246, 523, 731, 1421
666, 1906, 2044, 434, 15, 119, 879, 2079, 214, 1107, 68, 781, 2105, 1205, 1468, 2041, 24, 774, 994, 435, 1847, 581, 1920, 713
1904, 221, 411, 1188, 1364, 1163, 1852, 1995, 52, 519, 1718, 109, 1969, 23, 979, 932, 606, 442, 1935, 2004, 571, 57, 634, 1535
1602, 1384, 1175, 1876, 785, 2069, 1049, 981, 1554, 1312, 1058, 210, 908, 440, 122, 245, 1303, 479, 1463, 1610, 1491, 121, 190, 1116
256, 1973, 695, 393, 517, 2051, 2129, 930, 1691, 2113, 910, 1155, 1368, 30, 935, 868, 2020, 1588, 251, 978, 1112, 1375, 1758, 491
594, 431, 93, 222, 117, 1500, 780, 760, 447, 1498, 1020, 1951, 160, 1915, 177, 848, 1800, 356, 2039, 1743, 1386, 1445, 655, 1611
515, 2009, 767, 651, 2040, 1744, 763, 1476, 1009, 2015, 897, 800, 1873, 535, 241, 1157, 1040, 1676, 1728, 1021, 541, 86, 1213, 2104
12, 1480, 305, 945, 822, 37, 1070, 856, 1512, 4, 1141, 536, 1636, 2134, 1768, 619, 1331, 1446, 965, 340, 2136, 406, 886, 2110
270, 73, 288, 89, 436, 1868, 912, 287, 1895, 306, 2061, 2092, 1052, 85, 310, 2000, 2, 2068, 1215, 351, 97, 1329, 1670, 1804
1314, 188, 1705, 285, 995, 614, 317, 1720, 790, 982, 1639, 819, 1471, 283, 1367, 124, 1840, 2071, 1145, 577, 459, 1235, 74, 803
151, 1381, 1900, 925, 513, 1810, 842, 1858, 528, 1503, 951, 1176, 1492, 450, 96, 223, 9, 1903, 1835, 1568, 649, 1822, 823, 1093
1583, 622, 371, 1592, 984, 1997, 617, 999, 888, 1460, 1478, 384, 1210, 1001, 2112, 1438, 2120, 125, 1661, 964, 562, 62, 368, 1793
1158, 1953, 1954, 867, 95, 728, 1667, 1396, 808, 543, 585, 1220, 92, 1802, 1296, 7, 1522, 1100, 672, 2054, 1071, 1874, 1232, 1759
1318, 901, 1474, 968, 1717, 813, 621, 1032, 869, 425, 1355, 584, 1055, 859, 1103, 956, 130, 139, 1169, 268, 156, 1290, 881, 443
300, 829, 1918, 14, 330, 2128, 1737, 1451, 1501, 1897, 1576, 483, 1519, 1709, 1559, 34, 638, 1017, 269, 977, 1143, 873, 639, 1575
1557, 777, 243, 303, 1400, 486, 44, 1886, 742, 845, 1088, 1630, 1674, 1908, 604, 1274, 1082, 1453, 308, 1059, 1240, 805, 1635, 904
877, 720, 754, 6, 1454, 1524, 2050, 1599, 1712, 1441, 1275, 337, 1087, 1989, 1999, 667, 477, 1286, 1264, 1652, 1548, 1653, 1062, 1741
587, 570, 1475, 1266, 1740, 182, 167, 694, 1786, 1042, 1968, 166, 1826, 1930, 385, 2107, 282, 1919, 1429, 644, 335, 549, 1888, 1515
1683, 1197, 1716, 1110, 1871, 809, 534, 153, 1729, 1531, 1493, 485, 1883, 53, 918, 612, 654, 876, 656, 1562, 1701, 1832, 1193, 1537
78, 1352, 375, 60, 1614, 1081, 1731, 1616, 381, 1379, 21, 1111, 1682, 1894, 1859, 1089, 470, 1201, 758, 1092, 1867, 679, 2006, 1688
816, 1544, 138, 839, 327, 169, 744, 1285, 41, 1394, 674, 1473, 1457, 916, 1855, 1580, 1039, 2058, 547, 815, 714, 2014, 481, 207
510, 2017, 247, 2089, 1510, 1056, 232, 1348, 1316, 969, 900, 841, 532, 388, 1034, 1944, 200, 1482, 503, 1942, 1824, 711, 747, 1462
688, 1313, 1356, 1353, 1848, 148, 1280, 1483, 647, 1495, 140, 795, 1546, 1526, 849, 1872, 1466, 1035, 338, 1185, 106, 165, 1053, 1369
696, 1335, 1399, 1987, 1199, 228, 1910, 473, 1336, 1752, 2038, 682, 1361, 1346, 896, 2117, 1631, 1004, 1558, 1698, 511, 1365, 992, 1026
946, 1672, 755, 658, 504, 1988, 1931, 349, 2125, 1069, 1530, 1637, 1579, 227, 906, 1359, 595, 1362, 1261, 1756, 1085, 451, 1351, 942
1792, 569, 321, 891, 1106, 1963, 693, 1590, 561, 1170, 1377, 949, 84, 593, 1943, 1054, 1646, 1861, 1533, 2080, 1322, 240, 392, 262
237, 422, 1131, 1231, 276, 114, 2063, 1929, 551, 412, 462, 610, 1753, 206, 423, 749, 2118, 348, 1734, 1925, 38, 616, 238, 493
1260, 1115, 1664, 1287, 1809, 1570, 1270, 307, 1830, 2002, 59, 508, 1746, 894, 5, 1048, 590, 866, 216, 242, 1862, 1775, 189, 2007
1164, 746, 1138, 1124, 101, 1601, 471, 814, 1241, 1120, 759, 527, 690, 970, 2047, 258, 2099, 265, 643, 1168, 1382, 830, 1091, 1119
25, 2101, 600, 1605, 1227, 80, 1521, 1481, 2022, 1560, 739, 589, 79, 698, 1696, 1644, 787, 1563, 1842, 2033, 1416, 2049, 665, 123
1310, 108, 304, 722, 1268, 768, 507, 2076, 576, 797, 1277, 313, 1961, 1704, 2025, 518, 1077, 884, 1735, 862, 1595, 1343, 492, 209
2057, 1272, 766, 1821, 735, 1747, 827, 13, 756, 1624, 552, 427, 115, 1885, 2096, 533, 991, 1422, 1326, 1432, 1677, 83, 1974, 464
1206, 1665, 865, 1964, 1770, 187, 1941, 861, 343, 98, 476, 1236, 1713, 1626, 572, 1773, 1879, 2065, 1561, 1, 1229, 539, 1632, 1669
812, 136, 648, 47, 1269, 1706, 683, 721, 1760, 1437, 1721, 632, 1467, 1979, 1812, 1966, 266, 1257, 397, 1434, 1067, 315, 1424, 583
1540, 1051, 359, 1037, 825, 1133, 1123, 410, 709, 173, 1911, 1569, 1010, 1006, 620, 90, 689, 342, 246, 1511, 983, 778, 1099, 1860
146, 1461, 226, 624, 1916, 212, 560, 274, 1190, 357, 750, 772, 2093, 180, 448, 553, 1945, 230, 853, 1233, 1000, 2109, 489, 1638
745, 191, 1928, 137, 1814, 46, 1514, 1971, 895, 1960, 1328, 88, 505, 1803, 1694, 828, 1934, 65, 972, 957, 1488, 914, 1508, 76
1118, 1875, 1996, 810, 1152, 807, 1358, 1130, 1597, 1418, 663, 864, 407, 2072, 1710, 1063, 259, 1722, 870, 1179, 565, 29, 2131, 1200
312, 1392, 1374, 309, 792, 1525, 213, 773, 691, 1545, 1714, 202, 1806, 409, 1711, 1892, 1195, 2114, 1402, 2052, 601, 2008, 1799, 730
1015, 1836, 890, 1795, 414, 1739, 1619, 1622, 1425, 1666, 605, 1577, 646, 783, 1309, 1774, 63, 1520, 374, 2053, 1732, 111, 793, 112
1472, 426, 1397, 2067, 1957, 81, 1347, 369, 1013, 852, 832, 940, 933, 687, 396, 673, 909, 1551, 2111, 1671, 1763, 236, 1267, 350
378, 1144, 1284, 432, 2005, 955, 297, 1628, 844, 1607, 382, 2074, 630, 2018, 1417, 1194, 2102, 1634, 1401, 2078, 1202, 456, 1946, 380
33, 1276, 1818, 1940, 670, 557, 365, 61, 1129, 596, 635, 387, 922, 271, 1507, 669, 1189, 770, 155, 1477, 1136, 875, 2055, 1745
196, 1549, 199, 1391, 1927, 917, 996, 645, 738, 339, 27, 980, 244, 941, 255, 1994, 1204, 1323, 950, 1598, 2028, 102, 1733, 1090
786, 469, 1149, 1057, 1816, 135, 2108, 580, 1662, 1649, 1192, 1385, 1443, 1371, 751, 495, 1342, 2066, 331, 1532, 1214, 1749, 31, 737
1585, 1593, 1380, 120, 1104, 71, 1128, 971, 1440, 818, 1794, 764, 298, 1304, 204, 1147, 1627, 233, 1408, 1608, 1582, 110, 1459, 1250
1738, 661, 1845, 1080, 127, 662, 1173, 660, 1787, 2119, 566, 506, 150, 678, 681, 1338, 526, 1811, 1311, 2023, 522, 1707, 1134, 1095
1587, 817, 821, 1574, 295, 1349, 652, 1390, 2116, 1002, 1279, 2126, 1956, 2060, 36, 2083, 1589, 1839, 1436, 1248, 2011, 264, 497, 1762
628, 1245, 1723, 1923, 176, 1307, 743, 927, 2087, 1542, 1606, 320, 419, 1757, 1003, 2094, 1156, 1849, 988, 1841, 64, 20, 1754, 1319
1255, 976, 1127, 923, 1761, 531, 1764, 2026, 556, 1014, 629, 1031, 936, 1333, 1218, 530, 1978, 11, 152, 2097, 880, 1850, 1856, 2013
322, 1041, 48, 686, 801, 445, 1223, 1584, 1655, 708, 618, 1208, 1844, 840, 1388, 1509, 947, 184, 1819, 1565, 345, 231, 2133, 386
1846, 826, 218, 299, 885, 377, 19, 776, 1556, 509, 627, 899, 2043, 1603, 871, 1036, 301, 668, 1139, 311, 1901, 858, 465, 1426
1395, 811, 707, 1465, 599, 1097, 919, 1254, 77, 211, 400, 1409, 1178, 1259, 2124, 1877, 989, 931, 724, 680, 1191, 1372, 500, 239
1294, 514, 2016, 360, 1427, 69, 1273, 920, 132, 715, 1018, 2001, 1153, 1755, 1008, 1271, 924, 1068, 179, 1880, 1564, 1547, 1324, 677
1222, 1101, 1980, 863, 775, 1405, 1878, 958, 975, 1647, 860, 1256, 915, 35, 296, 905, 607, 347, 1591, 921, 1517, 1187, 986, 22
1345, 1022, 1813, 1162, 1151, 794, 416, 1140, 463, 2031, 725, 1060, 833, 203, 291, 1633, 2091, 405, 1387, 732, 43, 1121, 1887, 796
1825, 275, 1695, 1725, 1373, 1046, 1142, 17, 1656, 487, 475, 898, 1912, 1224, 1086, 1909, 2135, 1028, 1528, 458, 1132, 1330, 1573, 1578
498, 1172, 1065, 1778, 1541, 82, 578, 66, 512, 234, 1083, 520, 1955, 573, 934, 116, 1529, 1389, 1781, 1334, 1534, 149, 1660, 1932
761, 1005, 292, 831, 1167, 1679, 1383, 1823, 568, 142, 788, 372, 1302, 1838, 1553, 418, 626, 341, 26, 1458, 567, 1011, 461, 1025
185, 1869, 70, 1936, 1555, 961, 1690, 723, 1958, 928, 1159, 430, 1613, 1298, 2034, 857, 1863, 1098, 591, 1950, 367, 1183, 1096, 273
641, 496, 134, 893, 838, 559, 452, 472, 1108, 1523, 174, 2088, 2021, 352, 1948, 329, 542, 494, 1084, 293, 1788, 1485, 684, 1917
39, 1378, 1693, 1038, 1837, 952, 1449, 1237, 806, 1225, 1708, 997, 286, 91, 1727, 1782, 394, 354, 953, 192, 42, 1403, 336, 824
460, 417, 279, 954, 277, 1154, 2045, 446, 1594, 2081, 1921, 1772, 2032, 967, 1242, 1299, 429, 318, 582, 1884, 1702, 383, 474, 1689
1985, 1137, 294, 558, 16, 602, 1114, 872, 548, 516, 2100, 1135, 2027, 154, 1675, 439, 1122, 399, 804, 2122, 290, 1486, 540, 482
1612, 798, 597, 1499, 702, 128, 1777, 1815, 178, 502, 1571, 1865, 205, 1444, 710, 1321, 929, 1938, 782, 1047, 75, 453, 727, 657
588, 847, 1308, 1686, 1539, 40, 444, 1801, 1337, 1771, 1072, 1600, 2064, 579, 1851, 1252, 1490, 1678, 1283, 1538, 1905, 280, 1870, 2123
252, 1991, 2115, 1790, 316, 28, 2030, 1489, 603, 424, 1767, 1907, 1642, 113, 1027, 1965, 1407, 1890, 729, 712, 1924, 2070, 2098, 1410
55, 1922, 1281, 1785, 913, 1658, 1181, 2037, 1293, 1243, 2048, 186, 1751, 1332, 637, 636, 1479, 1447, 1411, 1899, 1986, 314, 2132, 104
229, 1784, 398, 58, 1455, 389, 2003, 1184, 1982, 490, 1247, 1724, 1414, 1238, 1079, 194, 201, 1640, 302, 181, 249, 985, 1621, 1657
267, 1673, 1450, 1625, 1596, 835, 1024, 1629, 1703, 1748, 1177, 224, 2127, 1306, 903, 1681, 1998, 158, 2010, 2090, 1620, 1983, 1150, 261
1913, 1791, 1700, 1882, 741, 1360, 529, 1891, 402, 1765, 1288, 1305, 757, 441, 1102, 1796, 1203, 454, 49, 32, 143, 664, 1253, 332
455, 1618, 208, 1780, 1497, 631, 1586, 1344, 1363, 1317, 1448, 1843, 2084, 1962, 193, 54, 1494, 546, 1831, 164, 615, 653, 1977, 820
