980
1195
1188
1153
599
524
1012
1453
576
420
819
1078
401
1754
285
1965
1852
544
21
1866
1356
1202
1784
1289
313
933
951
1075
1830
1565
1400
1652
1487
2060
359
1819
1795
1459
716
1091
1279
2131
101
2049
1647
1332
883
616
856
1526
995
1467
785
347
865
2033
1524
941
1120
368
1374
1470
321
1610
445
1899
632
1039
498
1677
703
1446
485
1841
185
2077
237
732
926
1054
1272
179
1282
612
1808
1320
1154
1779
1469
931
515
643
1658
112
1616
2135
1988
1913
2063
2102
874
803
754
606
1051
2072
138
1640
462
1654
1512
918
1612
575
449
2124
814
258
73
177
627
1657
1370
1242
1114
1588
1404
1994
1922
1438
715
124
19
204
2002
1748
166
1925
117
1331
900
1532
1594
1053
1557
1125
1270
1961
709
646
893
1183
807
315
536
1408
270
673
1805
79
1787
490
1221
2066
1058
311
1196
477
552
1919
312
1372
1164
429
1951
848
1180
1598
969
1966
586
729
183
1884
2113
607
1680
1596
743
1694
923
1797
867
1122
1592
1732
722
1998
1474
1804
218
736
531
963
798
942
628
1775
438
1492
18
1702
2089
1728
466
2091
460
1359
1366
116
389
1917
151
565
1725
547
2067
267
344
631
1834
86
1137
604
1431
522
841
1230
666
1007
40
1579
1219
102
790
1246
1281
667
1552
1363
738
905
1493
1745
551
978
509
1326
769
170
1108
711
1249
85
817
1751
1810
1741
486
1477
199
553
1897
789
61
1068
263
265
855
970
975
2027
1318
1027
1430
251
920
402
792
451
818
104
895
1371
1521
342
1729
1873
585
423
746
1781
686
1881
1712
1735
1500
1248
943
929
1972
324
1990
1559
1287
690
869
1567
596
824
961
1872
949
1979
1384
2000
2009
1824
508
1283
1244
1201
118
1653
527
1139
825
1743
1065
595
1630
1847
275
1458
1954
1234
723
1073
8
1887
2069
1036
786
1102
1080
573
349
1361
910
672
1110
549
1918
1028
1455
1945
328
1439
733
1386
930
884
1352
1862
1794
657
1569
1831
728
161
1019
1423
661
1955
343
1482
1174
380
1355
574
1777
1186
1449
1479
1739
461
843
1288
327
922
144
1798
475
1429
996
2082
748
1806
772
1759
1498
1774
1226
850
767
2011
826
1799
685
615
1868
935
1144
155
13
1412
1278
156
17
533
98
1709
682
10
2012
1448
813
636
885
1113
1276
567
1130
2023
173
581
1464
205
1767
91
1687
712
14
259
1750
1943
1720
828
1256
1724
1609
45
1310
642
67
241
838
1674
247
1591
1617
866
1747
1659
912
936
587
613
25
1024
1175
1746
845
224
899
727
629
1434
1816
1239
1237
1066
1173
90
794
530
1706
30
609
1698
889
1026
721
43
197
189
1220
1424
425
1306
1285
1874
398
1707
1929
1321
1265
2105
2031
2055
693
1894
337
1763
708
908
1236
1938
744
326
1693
837
695
403
81
1558
1637
1286
952
1435
436
985
2057
1344
1243
1892
1155
1573
1937
1749
1106
960
917
1240
2119
914
1541
1575
248
157
1726
2018
928
525
1406
1200
1716
511
66
428
384
319
1927
778
647
1116
1373
238
1014
208
597
1822
1379
1851
1910
505
1663
2021
6
906
674
1325
1141
150
829
1505
430
639
416
350
1786
562
320
1346
306
488
1023
1969
1172
836
1987
1450
756
443
1807
1618
1315
1309
1708
2058
1483
435
1993
1867
1009
1986
1845
747
1225
1828
640
217
413
1216
1395
909
142
1820
688
1093
623
2123
809
23
1714
2107
1481
123
879
1977
1971
1082
1364
964
513
2019
1231
1909
981
96
660
1419
107
1755
1679
903
752
1710
1649
2093
1032
2096
605
972
1198
2034
2061
1224
1197
1533
214
1112
108
1511
1985
1942
1823
31
162
1506
1809
1758
1597
1890
528
783
1772
283
1222
54
1105
1902
2129
474
2062
1793
1865
1660
387
1233
777
758
71
1071
1904
887
299
2068
810
823
141
310
432
1621
694
160
1556
1803
1769
1791
307
637
1496
165
946
692
472
820
357
1982
1837
2104
1876
56
512
684
375
465
1437
1207
1574
1515
566
171
822
1860
182
1210
1875
195
1643
318
15
1099
256
1433
412
840
827
1854
925
1730
1600
492
1409
1292
734
2025
1723
892
557
1261
434
1452
1570
1271
811
1161
559
1228
1465
2103
114
1089
1699
35
2030
385
1167
1085
861
1783
1176
1572
1307
1329
1129
470
1245
1062
1695
236
614
974
1442
1
1752
1003
1857
579
2051
450
1581
989
1336
2070
1801
479
426
1843
89
1688
1440
1905
662
1323
1049
338
378
1757
1472
1006
178
193
598
932
753
1519
1046
782
1705
689
370
870
87
583
514
11
1738
2054
422
1800
2092
1671
1163
29
355
540
133
2035
382
902
44
1008
424
1059
1896
268
1697
730
1776
1043
1475
172
1451
2013
1628
1184
1104
484
191
2109
745
203
907
260
369
1235
135
2008
635
1471
303
269
1258
1291
1385
2039
561
687
945
853
982
1319
1476
1880
1339
336
1549
601
1995
266
159
1939
1543
284
2108
22
400
1833
364
1342
2088
851
578
1840
2081
1229
68
1673
1192
1447
80
1528
1814
1393
1501
1682
222
1191
1760
63
676
1217
780
529
187
282
1583
36
764
201
1117
1050
1792
1247
784
1648
1284
62
1131
957
1020
198
1171
749
1914
298
1770
634
882
1689
1963
669
520
1508
1510
921
913
209
704
1000
1115
2032
1152
397
1973
1838
1766
724
444
539
2116
220
1480
1842
2130
994
381
1401
1968
626
188
1457
968
1338
1624
1417
1390
1547
427
1238
534
1620
1266
2112
1953
2111
339
950
1162
805
1737
2053
580
1360
2040
1168
294
1209
1002
1535
2079
2028
234
854
1461
1782
706
57
502
1981
1383
966
1527
947
395
286
27
1898
1208
1194
2045
1055
806
1625
939
399
954
802
717
1627
129
655
776
407
506
538
760
1214
1350
791
1785
1908
1584
20
775
991
174
2117
1427
571
617
1001
93
2059
768
433
4
1491
2050
535
1031
163
670
113
2086
1021
984
1443
140
2133
212
1632
59
705
1571
2041
1960
2
1380
1580
78
2120
1377
1901
1069
904
232
2004
671
1351
735
1546
1160
2007
1133
1466
844
1416
860
97
1686
1675
1190
2056
1397
713
625
563
2126
1638
1599
741
2015
1420
1124
341
1536
668
1381
644
1478
383
1022
1883
39
787
1771
261
1341
111
718
1362
940
130
2074
1182
1926
834
955
1157
997
464
1992
92
229
1045
1159
1701
452
1703
641
700
1593
1700
1018
675
1499
501
594
591
1057
2003
1294
1063
1900
1811
414
1016
1871
830
973
1414
927
1651
1396
1956
1672
255
1241
1303
1044
1912
651
1343
621
1522
70
2136
417
1548
1392
1076
41
1094
944
1773
584
74
1460
345
69
2085
1181
1494
1886
458
1135
1189
1959
386
1666
356
725
1302
795
2134
292
965
2029
2090
1313
679
1560
1250
658
740
1923
1252
274
608
377
503
1227
308
1138
992
322
1456
1293
894
1502
1025
1846
1696
276
1642
431
1562
948
858
1128
2020
317
1444
1997
1119
471
1634
1740
1146
72
1084
801
1296
1523
2014
1933
1578
537
1354
1813
1888
2005
180
1667
1121
1088
1733
1825
2006
1199
590
877
956
1836
1641
146
1484
1601
665
243
388
560
857
147
34
295
1251
570
1299
1691
1780
1391
1756
167
1553
2046
346
2036
1004
1540
1604
1619
881
1980
680
463
1635
176
421
226
352
659
1086
1348
1853
846
1187
1314
886
645
240
816
1608
797
1095
1255
392
58
1948
1358
374
1789
1253
1639
1978
446
719
602
962
618
181
897
190
373
301
323
1509
888
379
105
1950
808
1204
543
1676
890
1768
1940
1984
1013
2047
1312
99
316
122
309
329
2125
42
763
291
132
1765
221
272
521
500
1717
1035
781
235
1530
2078
773
1098
2016
49
589
1507
702
1148
1916
804
1721
1077
1101
1257
1041
650
254
335
742
915
279
2127
2128
448
788
1629
82
1946
1301
731
1827
1145
999
2118
288
1952
1109
1324
1061
38
300
1375
1037
121
901
1727
487
633
376
225
1911
664
1554
1670
1060
924
287
363
137
409
1622
459
1606
1264
366
143
624
1052
510
1534
210
7
750
677
148
1426
77
1497
771
1103
1665
934
2026
1218
1263
1967
473
1870
119
75
1931
1631
134
2064
1615
1387
1869
200
1211
593
1005
1087
304
1267
213
296
2048
526
1399
873
652
1193
739
1410
1718
1150
305
149
1166
1365
1413
630
1097
1974
120
1333
987
1864
1645
94
976
2043
832
2132
483
998
1949
249
663
1436
937
456
1878
774
33
751
765
1711
1996
1595
362
1403
1731
1317
1525
2110
1664
253
1818
1678
847
1564
592
1932
766
1877
517
518
1964
1788
812
1215
1223
1132
1550
1382
196
1334
1605
250
554
2010
408
1064
622
494
1335
1611
971
1156
1778
1692
411
1826
1585
1685
600
206
12
1096
1504
967
2115
457
2076
859
51
32
799
1753
1590
491
1425
1203
127
1147
891
714
1297
2073
1280
302
1848
207
1817
1259
1976
314
1531
1368
1118
405
1719
348
707
233
1957
418
821
1490
2022
896
365
1468
568
611
1254
1092
393
1983
169
358
447
835
1357
979
202
361
1656
1903
1539
1586
1895
1715
2044
1516
839
1030
2087
215
1936
223
100
76
1165
1924
1907
1704
1269
849
55
1568
603
701
2001
495
1761
1661
516
289
610
638
2100
281
1858
698
959
833
683
916
1268
1935
800
678
1142
480
1991
572
1316
390
211
532
1545
2122
779
1856
555
453
2037
1407
410
273
990
2052
1328
50
360
1650
467
1563
1295
115
1623
1796
2101
139
1941
84
2106
1944
136
1040
1821
1298
37
24
1742
1047
759
293
1655
1290
1308
1582
1544
103
372
1048
1337
353
325
1074
1042
737
252
83
558
878
1347
2098
1127
1274
864
1613
88
2024
1260
1644
1790
482
175
876
278
582
863
404
1083
106
1454
442
691
239
334
697
1683
1079
1070
1849
1126
523
47
1485
52
2071
569
354
1300
1463
1262
1422
1906
710
1921
815
391
1402
1273
1100
958
1034
109
1388
153
653
46
3
1514
227
330
1561
468
2084
1928
1486
1418
1646
519
1669
1815
2080
478
620
1056
2114
1576
125
507
231
1029
1033
1662
649
496
1989
648
1428
333
1934
755
2042
1405
242
1107
219
761
1136
556
1734
1111
1882
28
1322
1277
1713
1764
331
1378
152
1542
546
1441
1177
469
2083
48
271
95
1488
1149
280
1473
1010
1349
1305
1958
1603
831
264
1353
481
1081
1090
872
1839
60
1213
1577
1999
504
911
762
875
1602
455
228
1975
2017
1513
842
1134
1587
1636
1151
64
1376
938
476
194
1690
1859
1607
245
1947
184
588
988
2075
868
1158
1850
852
1861
1275
497
548
793
1394
437
131
1178
1829
1389
1684
440
1170
1681
257
1863
2038
1762
277
796
1038
1537
371
415
128
499
16
1432
1072
2095
1345
126
168
1011
1206
1802
186
1920
550
542
1736
26
545
1185
720
1327
1015
246
297
1017
898
1551
919
880
1503
493
1744
2094
1489
1398
1123
656
1140
454
1415
757
1614
367
696
1893
1555
1538
1495
164
1812
1232
862
1520
1566
1340
340
154
406
1915
654
1889
262
1529
394
1367
770
1517
65
439
977
1311
1970
2065
726
53
396
192
1445
1891
986
871
489
1668
1421
1212
145
1626
1369
1589
2121
1330
993
1143
1462
351
1844
441
9
1832
332
2097
619
290
244
158
230
1067
1169
1835
1722
1633
1962
216
681
577
1518
1304
1879
1179
983
419
1885
2099
1205
5
564
1411
110
1855
541
1930
699
953
