738, 666, 812, 122, 541, 1952
1886, 169, 517, 265, 1751, 433
1706, 1539, 395, 1224, 1676, 1305
1869, 37, 718, 2018, 341, 1678
1531, 1226, 2031, 1095, 220, 1832
1498, 127, 183, 201, 840, 936
70, 2037, 735, 189, 1880, 1982
432, 13, 691, 407, 866, 564
981, 2088, 1717, 1627, 689, 593
1666, 382, 1352, 123, 464, 36
856, 1616, 659, 992, 379, 368
1623, 305, 55, 1529, 1045, 963
958, 1858, 473, 698, 1828, 1636
2063, 1270, 623, 1881, 699, 2066
1720, 1171, 1495, 2133, 26, 1274
247, 1455, 431, 1603, 374, 215
768, 1663, 355, 1867, 572, 1156
1530, 775, 1022, 1934, 2003, 308
77, 166, 1699, 1850, 972, 634
1170, 864, 1415, 1890, 149, 402
1104, 1918, 328, 1682, 1238, 1604
1012, 1396, 1284, 1468, 608, 1485
151, 662, 1941, 259, 1093, 86
263, 132, 128, 1611, 2021, 2117
674, 527, 1159, 544, 565, 2041
1643, 1792, 312, 289, 1905, 932
772, 1794, 1032, 1389, 1096, 1618
17, 925, 118, 1252, 1113, 2035
945, 1192, 410, 774, 1317, 233
594, 2101, 1771, 942, 1182, 172
1464, 798, 910, 1638, 103, 1412
88, 767, 232, 1831, 1677, 848
2051, 602, 693, 1471, 1078, 1589
715, 1018, 509, 1116, 1477, 542
1163, 1151, 557, 125, 2127, 2028
596, 381, 1199, 1369, 1917, 1551
610, 1964, 375, 887, 404, 1184
2061, 1294, 1356, 1186, 361, 1547
826, 191, 874, 1689, 749, 31
609, 521, 1878, 538, 392, 701
304, 1061, 1714, 1579, 482, 43
1005, 1072, 1897, 1421, 111, 858
1614, 1823, 1679, 35, 1870, 1000
545, 885, 2086, 193, 620, 23
514, 1683, 2012, 977, 1036, 2107
478, 883, 1109, 1967, 1248, 481
952, 1427, 1155, 1497, 2039, 862
1815, 349, 504, 143, 747, 1999
1049, 1865, 1221, 2000, 208, 1043
1197, 1729, 806, 85, 2014, 1077
1574, 16, 897, 314, 1168, 139
1260, 939, 1953, 859, 448, 1946
1383, 1137, 1993, 157, 1796, 429
759, 279, 901, 1134, 903, 1388
95, 400, 508, 2111, 880, 1309
1926, 891, 1813, 489, 741, 235
628, 1769, 1827, 1562, 611, 1467
722, 528, 2087, 1439, 1053, 994
108, 447, 1949, 583, 2010, 461
1404, 865, 2005, 1734, 931, 1360
483, 1268, 926, 947, 630, 1076
1397, 1836, 605, 654, 1598, 1452
1936, 879, 2076, 484, 1365, 492
709, 48, 1211, 2104, 331, 1332
107, 756, 2081, 669, 479, 896
558, 1295, 843, 1591, 967, 96
1014, 930, 561, 1901, 293, 311
1738, 1716, 1118, 1132, 1855, 1966
683, 1256, 773, 155, 2131, 1887
2079, 196, 1805, 1506, 91, 1671
912, 1524, 1316, 1202, 1359, 1010
141, 1231, 1697, 1942, 200, 1371
226, 811, 1162, 567, 1153, 310
2038, 537, 801, 198, 231, 1986
702, 570, 1752, 3, 1462, 1632
1350, 109, 322, 571, 1633, 1872
288, 827, 627, 1646, 352, 667
1046, 80, 168, 1519, 1169, 906
1834, 1111, 1622, 158, 2058, 978
1910, 137, 733, 1572, 90, 2078
973, 6, 487, 350, 1715, 876
1971, 919, 1658, 1802, 1035, 823
228, 1357, 1602, 1303, 1064, 1860
362, 1381, 468, 1055, 318, 84
287, 1619, 1795, 711, 20, 1177
278, 1821, 584, 1289, 523, 1362
1829, 598, 1736, 1, 1644, 1902
555, 306, 907, 638, 110, 1575
303, 1081, 2045, 1075, 283, 1938
548, 101, 1940, 209, 1240, 1804
1599, 469, 720, 904, 180, 1873
1612, 1165, 1987, 30, 697, 726
980, 1128, 1060, 713, 935, 1329
867, 706, 2108, 388, 1271, 2110
370, 1525, 1761, 240, 914, 1797
334, 60, 1726, 836, 965, 1913
1991, 1101, 1353, 1735, 1781, 242
1594, 1175, 1135, 1372, 712, 1518
175, 1737, 1664, 1361, 985, 1956
1437, 1241, 1778, 11, 646, 700
417, 1222, 969, 1205, 10, 163
750, 1906, 1341, 34, 1538, 1727
309, 1740, 1606, 804, 2084, 850
1287, 1808, 1536, 336, 2032, 2047
1058, 270, 18, 922, 574, 1892
703, 2089, 1114, 687, 1299, 1851
1293, 1430, 551, 1979, 1432, 1052
133, 1236, 1220, 1613, 1650, 705
1358, 743, 928, 470, 1670, 1588
1160, 323, 997, 1286, 1214, 342
1976, 1023, 686, 152, 1420, 1903
1695, 899, 174, 1416, 56, 731
1002, 21, 1501, 2070, 1292, 933
1110, 1282, 2001, 326, 1975, 324
617, 917, 1131, 354, 1322, 177
1373, 297, 786, 1408, 1324, 1728
845, 754, 320, 1586, 1066, 1732
1693, 788, 1719, 1343, 924, 1233
1545, 819, 520, 1136, 820, 2020
1449, 295, 1285, 156, 1965, 540
872, 1037, 1276, 655, 1321, 290
373, 1845, 519, 440, 2013, 929
202, 923, 951, 455, 1433, 1033
1809, 632, 1384, 1025, 1267, 1849
1876, 72, 47, 1820, 921, 5
1348, 895, 275, 1507, 2019, 346
779, 1767, 860, 886, 260, 905
1830, 1154, 425, 1403, 1919, 1247
600, 294, 1875, 2072, 74, 793
716, 167, 1639, 435, 2085, 1856
486, 1454, 1772, 160, 690, 1943
299, 98, 552, 1698, 979, 1824
413, 414, 1149, 2052, 1122, 99
734, 1499, 1512, 97, 1428, 665
1587, 377, 436, 83, 2, 1363
1314, 829, 946, 1346, 42, 2008
1277, 721, 1255, 633, 1704, 1017
463, 614, 1088, 1535, 1909, 1417
621, 888, 1019, 62, 2065, 1026
1451, 364, 187, 1668, 619, 1626
587, 1364, 1301, 284, 1422, 1209
1120, 808, 694, 184, 730, 1091
1249, 728, 1957, 1482, 227, 1490
1130, 159, 1385, 474, 1438, 677
777, 1307, 1787, 956, 2083, 1548
560, 1176, 1916, 65, 2118, 1039
1237, 1129, 536, 1673, 1657, 530
1167, 1198, 745, 1653, 2071, 1841
68, 898, 391, 522, 1143, 1700
211, 794, 1335, 681, 406, 1016
822, 927, 120, 113, 1087, 1608
1569, 1557, 622, 49, 450, 258
39, 93, 554, 1494, 1246, 535
33, 408, 838, 934, 419, 1040
12, 359, 810, 1843, 1819, 1866
1723, 707, 725, 2132, 418, 1054
444, 384, 585, 1028, 1450, 740
1051, 182, 1166, 983, 1194, 595
2048, 188, 445, 678, 1004, 1780
943, 1474, 1585, 782, 1296, 1534
984, 1390, 424, 1323, 1290, 873
813, 1896, 954, 1681, 262, 420
1810, 1570, 1355, 974, 171, 1610
446, 1584, 89, 1885, 497, 1426
1825, 968, 1394, 1651, 281, 29
471, 987, 785, 830, 532, 1331
1460, 959, 1126, 1961, 2043, 1565
913, 2113, 846, 244, 1448, 1443
1615, 744, 213, 1899, 1086, 511
1493, 1083, 27, 911, 853, 345
376, 1980, 1347, 216, 491, 1625
1108, 337, 317, 751, 526, 1398
1038, 1607, 640, 1333, 1994, 38
1958, 559, 1739, 1692, 32, 1889
1848, 1476, 799, 1103, 236, 1235
1947, 1141, 1857, 1939, 546, 1564
1140, 87, 2029, 1178, 644, 1685
46, 1406, 8, 1508, 834, 1434
1379, 25, 515, 351, 92, 363
422, 507, 1649, 1568, 380, 2109
2040, 1818, 41, 442, 348, 957
1655, 1489, 1144, 2090, 1011, 960
1265, 1124, 1907, 1098, 1779, 524
641, 147, 292, 802, 1791, 1763
1645, 825, 1258, 539, 591, 1898
144, 817, 900, 253, 1193, 347
330, 1777, 1750, 329, 2055, 266
134, 485, 818, 439, 1484, 998
360, 1927, 1339, 908, 1749, 457
365, 1760, 543, 553, 1826, 1950
1541, 173, 1380, 204, 1229, 1703
162, 1705, 378, 1092, 57, 249
1041, 1690, 1266, 1842, 1201, 319
1904, 1593, 506, 1854, 63, 970
748, 117, 1784, 878, 494, 1488
178, 1263, 321, 383, 394, 1974
1656, 1269, 343, 909, 268, 770
688, 1142, 1138, 2123, 892, 1024
1543, 1188, 313, 126, 1191, 851
1391, 1015, 763, 2056, 1034, 525
58, 739, 1399, 1853, 154, 1642
1600, 1992, 1837, 2121, 1688, 1505
1776, 1376, 790, 291, 1338, 1634
1029, 1275, 1764, 1239, 1955, 1447
274, 2030, 1609, 1696, 1288, 1062
1577, 832, 2125, 76, 250, 441
771, 1868, 592, 1125, 79, 224
1937, 1281, 1592, 50, 803, 1516
1576, 2050, 186, 1419, 1515, 613
2100, 1617, 671, 1050, 1253, 1659
780, 438, 1496, 102, 239, 1344
599, 753, 1555, 2060, 2103, 264
670, 325, 1405, 296, 2098, 1470
1366, 940, 100, 2064, 1283, 1702
411, 1315, 629, 1793, 1707, 837
821, 366, 1789, 24, 1444, 396
1395, 426, 1469, 106, 1578, 868
1922, 371, 1472, 1930, 1517, 1566
61, 971, 651, 727, 1559, 145
1590, 944, 769, 778, 480, 273
1196, 1871, 1684, 223, 1102, 875
1725, 955, 652, 1722, 757, 161
1550, 1377, 1370, 1298, 1230, 835
1312, 2129, 1313, 1788, 679, 1874
460, 1770, 1431, 1139, 1520, 1008
1527, 71, 1556, 332, 1351, 399
369, 218, 2130, 353, 423, 616
185, 717, 569, 1216, 356, 2034
589, 1173, 512, 1553, 1782, 1179
618, 975, 1718, 668, 1112, 656
1554, 1097, 1181, 1048, 1007, 1596
1107, 59, 661, 190, 758, 1084
877, 1478, 746, 989, 1669, 1234
882, 586, 1328, 1446, 192, 2007
449, 1647, 1106, 2122, 684, 736
214, 452, 1544, 988, 437, 1838
999, 256, 588, 1320, 1675, 2042
531, 889, 695, 385, 1533, 1340
1310, 1070, 412, 612, 1528, 606
401, 1273, 2015, 1458, 857, 1330
119, 1080, 372, 1743, 1411, 367
212, 704, 1665, 386, 1879, 824
1206, 1933, 781, 1479, 267, 1711
105, 1374, 1995, 650, 1003, 207
285, 1262, 1345, 1407, 1984, 916
502, 814, 14, 75, 1631, 849
1442, 257, 742, 1463, 2094, 302
1996, 1928, 1785, 1877, 1775, 964
398, 427, 1742, 2112, 1099, 1915
816, 550, 1223, 1811, 881, 1161
135, 1985, 1336, 1212, 805, 547
603, 1318, 1900, 1748, 1121, 165
645, 300, 2128, 1217, 261, 282
708, 760, 221, 1567, 579, 675
1500, 809, 237, 1492, 503, 1864
1174, 462, 1378, 518, 45, 251
1807, 243, 1115, 230, 1561, 1888
1954, 1744, 682, 1457, 796, 2027
1731, 1117, 197, 993, 1189, 2093
1766, 1481, 327, 488, 2097, 2096
1973, 937, 1473, 1839, 1304, 53
44, 1929, 1480, 298, 1948, 657
1990, 176, 393, 269, 170, 1713
764, 755, 855, 1242, 1537, 1893
2126, 222, 339, 2099, 1978, 1082
1923, 1056, 842, 1640, 1884, 1459
277, 1552, 1400, 1762, 1989, 1652
140, 948, 1895, 577, 1393, 477
210, 466, 762, 710, 241, 1803
333, 2057, 136, 1783, 1935, 1073
142, 1624, 81, 1563, 121, 1085
1044, 1963, 861, 203, 1526, 529
990, 73, 1583, 1882, 1063, 604
1069, 15, 276, 315, 181, 1756
1279, 1254, 625, 791, 2120, 642
648, 2069, 51, 1513, 1387, 219
534, 234, 476, 1436, 582, 1912
1816, 1300, 1637, 1030, 1068, 1368
1409, 920, 568, 1924, 1204, 1891
1245, 807, 660, 1027, 1325, 1724
2016, 566, 982, 643, 938, 1768
766, 496, 40, 405, 1998, 1414
1521, 1013, 893, 1319, 206, 1456
1542, 252, 1413, 454, 301, 1261
416, 2074, 1337, 854, 505, 1822
890, 472, 1392, 205, 590, 403
1597, 1487, 2115, 1730, 451, 1812
1571, 723, 1465, 1146, 1150, 2080
1190, 1514, 1510, 1302, 112, 626
1560, 475, 129, 871, 783, 1620
67, 114, 434, 238, 340, 280
1227, 1662, 1549, 217, 1840, 124
852, 1272, 1712, 1218, 637, 894
153, 576, 961, 1195, 1733, 1445
635, 1031, 2106, 1185, 787, 581
82, 148, 1852, 575, 724, 1621
1921, 2046, 647, 1573, 1755, 1147
1721, 1801, 844, 573, 1089, 255
696, 387, 66, 1509, 1491, 680
1503, 580, 949, 501, 1746, 1228
1164, 229, 1349, 1291, 1119, 1920
1483, 1786, 52, 649, 390, 884
513, 2026, 1680, 1100, 493, 164
831, 1425, 1440, 1925, 1511, 1660
995, 467, 800, 1661, 1862, 1522
1959, 1630, 996, 465, 2033, 607
847, 676, 1502, 2082, 1306, 1635
4, 1105, 663, 1466, 2124, 1654
1951, 1708, 2002, 1213, 1453, 1765
2116, 510, 797, 195, 1215, 549
1790, 1297, 1219, 1745, 902, 2023
1441, 1243, 254, 1694, 1546, 1883
1691, 1747, 69, 1629, 1326, 1259
1911, 1672, 1042, 338, 130, 495
761, 976, 752, 271, 1710, 828
2017, 1158, 1057, 673, 500, 2136
1988, 1997, 1667, 1981, 991, 2135
1972, 841, 685, 397, 833, 1074
357, 2044, 1523, 2024, 1861, 1210
430, 1687, 1960, 1423, 2102, 2049
498, 1418, 1931, 456, 1402, 1844
1817, 1540, 1180, 563, 246, 1709
2119, 316, 2092, 2006, 1863, 1157
795, 1475, 869, 409, 1047, 714
1914, 2067, 839, 1148, 870, 789
765, 1123, 19, 966, 2059, 1580
1065, 1504, 1244, 601, 1800, 1753
1628, 199, 1172, 1187, 1264, 2095
624, 1605, 1208, 1798, 1983, 1977
2022, 863, 597, 719, 1799, 1251
248, 1846, 1308, 636, 639, 443
658, 1152, 389, 1200, 562, 941
1280, 1461, 2062, 2134, 2105, 64
131, 1814, 784, 1894, 1773, 1006
1968, 1133, 2009, 458, 1847, 421
2036, 1009, 28, 1806, 1932, 1754
344, 1278, 516, 1207, 1701, 672
2075, 1581, 1601, 94, 1970, 1203
146, 1020, 792, 953, 1944, 1582
1225, 307, 1127, 1021, 1386, 2077
1686, 578, 78, 950, 1435, 1079
138, 556, 776, 459, 2004, 9
653, 1145, 615, 2091, 1257, 2054
194, 631, 22, 1382, 179, 1410
1071, 1232, 533, 915, 815, 1067
1327, 1401, 1429, 1334, 1759, 1969
1908, 286, 1945, 1674, 1641, 225
453, 1183, 1741, 428, 1094, 1001
116, 1595, 2068, 737, 2011, 1859
499, 1311, 1059, 1558, 245, 1354
692, 1774, 1648, 664, 1532, 1486
115, 1375, 335, 732, 986, 2053
1833, 1758, 1367, 1250, 1342, 1835
358, 2114, 1757, 1424, 2025, 490
272, 7, 415, 962, 104, 729
1090, 1962, 150, 2073, 918, 54
