1473, 183, 1687, 515, 243, 18, 741, 319, 2055, 32, 233, 880
1307, 720, 1396, 1717, 252, 1300, 1250, 1965, 1862, 1389, 868, 697
1691, 839, 120, 2126, 860, 1808, 1003, 1551, 171, 480, 607, 1077
15, 1536, 1472, 19, 536, 901, 1433, 5, 1558, 1089, 1507, 1453
89, 723, 1585, 285, 1475, 1072, 216, 994, 1856, 1063, 830, 261
1282, 1493, 1663, 1353, 1049, 25, 1867, 428, 886, 1704, 642, 1659
1576, 984, 1038, 1697, 883, 599, 1791, 1322, 2083, 612, 1252, 1621
1352, 1954, 1041, 436, 945, 897, 1981, 1509, 158, 1657, 1828, 1000
118, 1895, 1848, 17, 1347, 502, 533, 1611, 1528, 705, 1788, 1969
1170, 768, 1141, 1922, 879, 1607, 1970, 2011, 1292, 406, 936, 104
527, 1083, 517, 1739, 1556, 816, 1253, 79, 1112, 737, 1296, 433
1404, 1483, 1921, 1686, 1574, 513, 518, 24, 459, 193, 1669, 960
1335, 1845, 1009, 1188, 1766, 2092, 1833, 1838, 1067, 1214, 1259, 1291
1279, 1557, 1441, 775, 1310, 133, 929, 1629, 1288, 1103, 1579, 918
2040, 401, 981, 48, 1725, 865, 177, 1064, 957, 1239, 22, 2127
1592, 1308, 452, 1594, 297, 1355, 453, 724, 692, 1685, 1638, 525
780, 148, 1597, 131, 1552, 1622, 1604, 421, 31, 1709, 643, 1401
1499, 1545, 753, 1276, 969, 1245, 7, 1090, 1052, 367, 906, 2134
1495, 798, 1418, 569, 1328, 968, 116, 1017, 2121, 1411, 314, 363
1690, 550, 954, 855, 1996, 1019, 1235, 1529, 1363, 1567, 782, 1403
416, 1199, 1816, 621, 1269, 1767, 698, 956, 689, 1644, 170, 230
1206, 344, 1637, 627, 734, 1046, 409, 1398, 1715, 1434, 1093, 1811
640, 1454, 1221, 1142, 2100, 1295, 9, 1388, 1463, 481, 155, 1727
1714, 996, 140, 1643, 1731, 1764, 1855, 1351, 1678, 310, 2068, 758
1015, 14, 1904, 1583, 1814, 703, 892, 1873, 1573, 311, 681, 719
1133, 1231, 548, 87, 109, 1405, 656, 1534, 1100, 1515, 857, 1660
59, 813, 191, 1126, 127, 1294, 1034, 993, 1, 1917, 2054, 1952
1144, 80, 135, 716, 1220, 1504, 1851, 209, 341, 74, 858, 1432
2015, 792, 277, 1293, 2050, 1278, 654, 1169, 1728, 1092, 903, 392
1176, 320, 1381, 476, 28, 872, 1986, 385, 332, 76, 962, 219
1769, 838, 1277, 800, 1987, 1163, 823, 1323, 1734, 1386, 1603, 479
951, 632, 228, 973, 55, 508, 992, 757, 1546, 435, 1650, 121
1606, 58, 144, 1002, 1871, 1852, 1139, 2056, 1586, 834, 1701, 1802
635, 1180, 587, 2108, 47, 888, 740, 172, 905, 405, 1800, 1799
512, 176, 2088, 473, 917, 1813, 1888, 540, 388, 1372, 1257, 611
1425, 51, 196, 1192, 1672, 1241, 606, 2077, 347, 1898, 1484, 1331
412, 1616, 1339, 1268, 257, 1395, 932, 1024, 1722, 289, 1841, 848
786, 366, 1736, 2081, 16, 1973, 1286, 1036, 65, 1688, 2023, 106
597, 1131, 580, 685, 278, 1496, 1694, 887, 985, 1598, 1702, 2095
384, 913, 1431, 1107, 1413, 1042, 20, 747, 2028, 749, 64, 1471
1857, 585, 119, 670, 1744, 1392, 1903, 1059, 1853, 85, 2013, 1854
1023, 105, 81, 414, 1336, 360, 1553, 458, 1517, 988, 1741, 1207
1461, 1876, 1760, 1647, 1060, 307, 2027, 1610, 1548, 1881, 774, 143
2057, 955, 137, 728, 1244, 77, 1054, 1343, 532, 2102, 315, 751
1427, 174, 761, 842, 410, 1051, 1459, 1559, 931, 1682, 1974, 791
864, 586, 1378, 378, 1770, 1312, 281, 1303, 916, 1804, 497, 203
432, 1127, 1584, 2106, 899, 471, 1641, 2034, 630, 974, 1333, 1934
21, 1738, 2089, 234, 1940, 1630, 440, 859, 542, 1033, 448, 1668
1794, 1198, 1789, 1776, 1992, 1960, 457, 904, 122, 1775, 1832, 1979
1723, 898, 375, 551, 874, 1875, 667, 572, 1526, 2093, 732, 1547
614, 1487, 4, 486, 1151, 82, 2000, 331, 582, 1007, 1700, 2136
1254, 674, 1928, 337, 822, 1656, 1084, 465, 1136, 2109, 1983, 1457
166, 202, 537, 558, 784, 153, 608, 1311, 1456, 1835, 1506, 380
845, 1315, 722, 108, 1104, 1044, 1216, 593, 1116, 290, 547, 1407
543, 1313, 275, 1165, 371, 927, 356, 1892, 530, 873, 111, 894
1031, 1878, 1947, 1615, 1599, 943, 650, 983, 353, 1359, 1382, 1806
1130, 510, 1350, 1910, 188, 844, 736, 407, 282, 1325, 699, 1177
507, 413, 44, 1821, 809, 263, 522, 837, 1248, 1326, 2059, 933
1581, 795, 369, 1057, 1825, 1911, 456, 1053, 499, 1153, 986, 1575
856, 658, 519, 1478, 1968, 584, 493, 778, 492, 1891, 1039, 687
762, 1914, 763, 1181, 1655, 801, 30, 1145, 2014, 2024, 1439, 1203
1923, 496, 1785, 300, 847, 1437, 711, 2110, 1885, 998, 1749, 1516
175, 2038, 841, 1719, 2048, 1896, 836, 103, 726, 1329, 1890, 1470
588, 1256, 688, 1834, 659, 785, 1428, 1924, 418, 1901, 2117, 1006
1590, 1817, 2036, 411, 1316, 552, 2135, 1309, 90, 712, 115, 824
1481, 187, 1544, 877, 1666, 1379, 50, 1919, 634, 850, 1021, 840
781, 305, 1374, 229, 159, 1679, 2035, 112, 2053, 977, 1768, 83
1600, 199, 885, 292, 1865, 625, 455, 1803, 63, 1040, 1634, 236
1260, 997, 520, 462, 1810, 739, 1466, 1831, 950, 1161, 180, 1247
46, 1706, 256, 1720, 1391, 73, 1915, 700, 1652, 876, 1047, 358
1167, 147, 958, 1106, 776, 1349, 1119, 1251, 1317, 390, 866, 804
359, 1531, 303, 652, 937, 556, 601, 1488, 1763, 1212, 1482, 1421
829, 299, 1523, 811, 1284, 1383, 1674, 2082, 1429, 201, 1724, 2097
1818, 1175, 1501, 222, 444, 746, 1068, 1670, 42, 1435, 354, 250
561, 1140, 1097, 1612, 940, 1747, 870, 1780, 404, 235, 590, 574
645, 60, 1225, 900, 1667, 1540, 653, 633, 245, 1371, 1755, 34
1500, 1695, 702, 1787, 618, 889, 53, 1075, 342, 1200, 1692, 386
2046, 1985, 721, 1712, 37, 895, 922, 2111, 437, 1327, 583, 1839
1786, 1716, 1451, 1409, 40, 2069, 383, 849, 1320, 544, 2080, 562
765, 1521, 1617, 61, 365, 818, 1513, 161, 553, 1306, 2073, 620
1498, 2113, 1223, 1337, 1560, 629, 1468, 1486, 1055, 1946, 255, 934
609, 1154, 1737, 676, 469, 355, 350, 1863, 379, 1147, 2052, 2122
2087, 1750, 1936, 1358, 1815, 387, 1967, 260, 1880, 1230, 1563, 298
691, 1081, 755, 1357, 1118, 2016, 909, 251, 206, 1860, 1654, 972
1440, 999, 1155, 446, 683, 797, 631, 2133, 1565, 1994, 2094, 1045
686, 509, 232, 1255, 1364, 1370, 318, 665, 2033, 1950, 1635, 714
930, 760, 372, 68, 1013, 1628, 1096, 1955, 1889, 2041, 1589, 523
151, 2063, 287, 1263, 1941, 1480, 921, 1079, 91, 2123, 783, 1561
425, 169, 831, 1972, 2045, 2051, 308, 1707, 1843, 1360, 1004, 595
623, 1455, 869, 1721, 1406, 1543, 1417, 2020, 1267, 194, 1648, 57
1301, 1680, 744, 1809, 1376, 742, 1920, 1187, 1344, 1966, 915, 1098
1174, 790, 1287, 178, 1109, 2125, 1422, 1368, 348, 2118, 1797, 2065
1262, 1399, 559, 1159, 772, 138, 402, 1538, 94, 217, 2090, 1191
1128, 1619, 173, 1577, 6, 2005, 394, 677, 2019, 529, 1518, 1321
939, 1219, 1394, 1971, 197, 1827, 283, 2060, 1086, 56, 2096, 1978
1963, 226, 2001, 745, 1442, 334, 454, 1234, 668, 1134, 1793, 296
167, 648, 1227, 33, 617, 2022, 1121, 989, 935, 1782, 338, 1905
707, 483, 1380, 1249, 821, 976, 636, 1095, 1304, 1302, 2008, 565
1281, 1705, 2030, 431, 890, 1684, 494, 2099, 1861, 36, 335, 1387
819, 1265, 568, 661, 1236, 2079, 1362, 2114, 1076, 441, 1850, 268
1373, 2115, 1190, 528, 1061, 186, 1779, 884, 1178, 1424, 165, 1975
430, 98, 1012, 1587, 598, 1377, 489, 345, 2042, 664, 1477, 269
362, 832, 1162, 1549, 391, 826, 970, 1412, 878, 1419, 1505, 979
294, 570, 975, 78, 867, 1699, 1445, 443, 669, 2084, 675, 346
438, 666, 926, 327, 1645, 516, 1210, 2132, 1183, 1982, 639, 29
1926, 1356, 1197, 72, 1005, 304, 1087, 124, 1533, 242, 244, 1732
1868, 1111, 671, 566, 578, 1065, 1743, 978, 1653, 286, 1562, 246
1152, 766, 663, 2062, 717, 1771, 1661, 871, 1143, 1261, 679, 1447
339, 1542, 1555, 2101, 1609, 715, 1735, 1157, 638, 1819, 1762, 1148
426, 610, 843, 1957, 485, 393, 2070, 963, 157, 239, 1450, 626
1729, 468, 88, 146, 400, 487, 1271, 1651, 113, 192, 495, 1511
1900, 1624, 427, 788, 1390, 928, 881, 1228, 1568, 1217, 1870, 160
1525, 1137, 959, 1823, 333, 506, 1912, 1879, 1932, 1305, 240, 1125
1285, 1266, 545, 467, 1601, 1138, 1893, 1233, 1332, 1184, 1824, 1689
1088, 1530, 995, 1991, 1761, 651, 1820, 1367, 1224, 1564, 2025, 1745
961, 946, 910, 1830, 1345, 863, 152, 564, 110, 549, 1416, 1902
1964, 322, 1550, 1708, 733, 1160, 451, 678, 253, 1942, 563, 1016
382, 185, 2044, 162, 213, 1639, 1319, 227, 727, 262, 1414, 10
752, 1297, 1949, 1058, 1503, 534, 474, 1938, 2049, 1240, 2103, 62
1430, 247, 1605, 1995, 624, 2086, 491, 1393, 1676, 1859, 11, 1283
825, 1777, 107, 1172, 1158, 557, 2043, 966, 1874, 267, 403, 1209
364, 1937, 779, 1166, 990, 812, 1085, 429, 539, 86, 470, 249
1114, 1805, 706, 1570, 514, 738, 947, 1908, 1436, 941, 477, 336
398, 919, 349, 982, 1980, 589, 280, 1822, 329, 1572, 646, 1342
2130, 1514, 647, 1593, 708, 754, 1274, 2071, 241, 1264, 2107, 1334
814, 1341, 1400, 694, 773, 891, 1375, 43, 1113, 2105, 730, 293
1469, 39, 861, 141, 134, 460, 190, 1646, 96, 2007, 770, 1369
2017, 1772, 395, 214, 417, 218, 150, 1361, 1338, 1532, 1698, 1588
1069, 1149, 2061, 504, 693, 1273, 1122, 2006, 340, 461, 815, 1094
2128, 381, 237, 893, 1740, 923, 1446, 1773, 1633, 225, 1783, 862
662, 27, 1476, 330, 2031, 274, 1681, 1608, 616, 1909, 1596, 423
1366, 1270, 1554, 641, 1465, 1726, 1008, 1340, 1696, 374, 1497, 1289
1976, 1385, 136, 447, 1933, 592, 1999, 2021, 942, 1613, 1710, 139
980, 1014, 1997, 1752, 925, 1135, 130, 26, 1877, 967, 154, 2124
560, 1348, 370, 1464, 948, 279, 84, 1884, 1945, 54, 1887, 326
1931, 1829, 767, 221, 852, 1792, 802, 924, 579, 1781, 442, 1671
1683, 660, 1527, 1108, 142, 1693, 577, 368, 1078, 1730, 99, 1765
317, 725, 971, 1037, 1171, 596, 1866, 2131, 2112, 615, 731, 1626
1318, 1384, 321, 323, 1929, 325, 97, 575, 351, 1842, 1458, 2004
1927, 1070, 1569, 952, 2037, 1906, 1537, 189, 204, 1746, 1028, 1956
594, 1837, 316, 100, 1510, 2075, 1185, 875, 2018, 1948, 1365, 92
472, 1173, 114, 478, 13, 1539, 1625, 1984, 1494, 673, 1812, 220
1397, 1196, 93, 907, 1869, 210, 1582, 264, 482, 164, 1102, 964
1258, 1664, 313, 799, 603, 1115, 713, 2085, 1989, 1011, 1943, 1753
132, 466, 117, 357, 1101, 463, 1864, 1242, 1426, 701, 835, 102
1449, 1237, 794, 1124, 1164, 1988, 1082, 420, 1490, 1073, 1150, 1290
1918, 1117, 8, 531, 1502, 128, 1535, 1826, 1298, 1168, 805, 1043
1846, 1801, 1460, 1123, 1280, 376, 854, 1050, 505, 1798, 1448, 271
41, 810, 704, 764, 1658, 756, 145, 2, 938, 644, 352, 1508
95, 288, 1211, 1022, 445, 1718, 1452, 2120, 1026, 490, 833, 911
521, 944, 211, 1129, 1018, 1665, 828, 1847, 1675, 853, 1595, 208
769, 389, 295, 1886, 2029, 682, 419, 1925, 1998, 1944, 1758, 896
743, 71, 1272, 168, 605, 695, 1757, 991, 710, 571, 1899, 184
1993, 1807, 1662, 12, 628, 759, 49, 1066, 35, 1711, 2010, 820
1907, 70, 1916, 1029, 312, 920, 149, 503, 1195, 266, 1640, 198
602, 2119, 1512, 846, 1571, 373, 215, 1631, 1520, 123, 1202, 789
1951, 576, 1959, 475, 1742, 771, 1522, 272, 1438, 604, 181, 1132
750, 1489, 1778, 1858, 912, 129, 1001, 302, 526, 1774, 680, 258
449, 1275, 1208, 1226, 434, 101, 1961, 1035, 415, 1844, 125, 538
1032, 309, 1110, 554, 66, 2116, 1232, 1027, 637, 1201, 1246, 126
1990, 1614, 1524, 2002, 67, 1649, 2078, 1578, 793, 2104, 1759, 38
1474, 377, 2012, 248, 1784, 2067, 1443, 914, 45, 163, 1423, 75
1602, 52, 1020, 1897, 328, 808, 1410, 511, 1754, 1566, 1182, 1677
777, 735, 2129, 1222, 696, 718, 1354, 1618, 1840, 649, 573, 1872
2026, 182, 1795, 343, 806, 270, 23, 684, 796, 500, 195, 1703
424, 1958, 1243, 254, 1314, 212, 902, 1324, 1010, 1346, 1462, 179
987, 1623, 600, 555, 748, 827, 1519, 224, 1099, 1977, 1939, 1048
1056, 622, 276, 1080, 69, 1790, 397, 1205, 2091, 396, 690, 1636
817, 498, 709, 807, 1120, 949, 581, 1204, 231, 1894, 1883, 2072
2076, 1541, 1836, 306, 1105, 422, 399, 488, 1218, 156, 501, 1402
2074, 882, 2009, 408, 1953, 1415, 1444, 1194, 1913, 613, 1756, 2032
324, 803, 591, 953, 965, 1062, 1673, 3, 2047, 259, 1071, 908
1930, 1733, 265, 1882, 207, 301, 2066, 1580, 2003, 729, 1620, 1632
524, 787, 1751, 1935, 2039, 439, 200, 1748, 619, 1713, 450, 1299
1485, 484, 291, 1849, 657, 1156, 1193, 1189, 1229, 1420, 2064, 273
655, 238, 1179, 361, 2058, 1492, 205, 2098, 1642, 1146, 223, 1330
1467, 546, 535, 672, 1238, 1030, 567, 1091, 1186, 1627, 1408, 541
1591, 1479, 464, 284, 851, 1215, 1025, 1213, 1962, 1796, 1074, 1491
