4
6
8
12
13
14
15
16
17
18
19
21
25
27
28
33
37
39
40
41
44
46
47
48
51
52
55
58
59
60
61
66
67
68
69
70
71
72
73
77
78
80
81
82
87
88
89
93
95
98
100
101
105
107
108
109
114
117
118
119
120
127
128
129
131
132
133
134
135
136
137
138
140
141
142
144
146
147
148
151
153
159
162
166
167
168
169
173
174
175
176
178
182
183
185
186
187
188
191
196
197
199
202
210
211
212
213
214
218
221
222
226
228
229
232
234
237
243
247
248
252
254
256
257
263
270
274
275
276
277
278
279
285
287
288
292
294
295
297
299
300
303
304
305
306
307
309
312
313
316
317
320
321
322
323
325
327
328
330
333
334
337
339
343
344
349
355
357
359
360
362
364
365
366
369
370
371
372
373
375
376
377
378
381
382
384
387
389
391
393
395
398
400
401
408
410
411
412
413
414
416
417
422
424
425
426
427
430
431
432
434
436
438
444
445
446
447
449
452
460
462
463
466
467
468
469
471
472
473
475
476
478
483
485
486
487
496
498
502
504
506
507
508
509
510
512
513
514
515
516
517
519
520
521
527
528
531
534
536
537
543
545
548
550
551
552
554
555
556
557
558
559
560
561
566
568
569
570
576
578
580
584
585
586
587
588
589
592
594
596
597
598
599
600
602
603
605
609
610
614
617
618
621
622
623
624
625
627
628
629
632
635
640
641
645
647
648
651
652
658
659
660
661
662
663
666
670
671
674
676
682
683
685
686
688
691
693
694
695
696
702
703
704
706
707
708
709
715
716
717
718
720
721
722
723
725
728
733
734
735
738
739
742
743
744
745
746
748
750
752
753
754
755
756
759
760
761
762
763
764
765
766
767
768
769
771
772
773
775
776
777
779
780
781
784
785
786
788
790
792
794
795
797
798
799
800
801
806
807
808
809
810
811
812
813
814
816
817
818
819
821
822
825
826
827
829
831
832
838
839
841
842
843
844
845
846
847
852
855
856
860
861
863
864
865
867
869
872
874
877
879
882
883
885
888
889
890
891
893
895
897
898
899
900
901
907
910
912
913
917
919
920
923
925
926
927
928
930
937
939
940
943
944
945
946
948
949
951
952
954
955
958
959
961
968
969
971
973
975
976
980
981
982
984
987
990
995
996
997
999
1002
1005
1009
1012
1013
1014
1015
1018
1019
1020
1022
1023
1029
1031
1032
1037
1038
1041
1042
1044
1046
1049
1051
1056
1057
1058
1060
1061
1065
1069
1070
1072
1080
1081
1083
1088
1097
1101
1104
1105
1106
1107
1108
1109
1110
1111
1114
1115
1117
1118
1120
1123
1124
1126
1127
1128
1129
1130
1131
1133
1135
1137
1138
1140
1141
1142
1144
1149
1151
1152
1154
1155
1158
1159
1160
1162
1163
1164
1165
1166
1167
1170
1171
1172
1173
1174
1175
1176
1180
1181
1188
1190
1192
1196
1197
1198
1199
1206
1208
1211
1219
1220
1221
1222
1223
1225
1226
1227
1231
1236
1237
1241
1243
1244
1245
1249
1254
1255
1256
1258
1260
1262
1263
1265
1266
1268
1269
1270
1272
1273
1275
1276
1277
1278
1279
1280
1281
1282
1284
1285
1287
1293
1294
1295
1297
1300
1301
1307
1308
1310
1312
1313
1314
1315
1316
1318
1328
1335
1336
1337
1339
1341
1345
1347
1348
1349
1350
1352
1353
1355
1356
1357
1358
1364
1366
1370
1373
1374
1376
1377
1378
1379
1380
1381
1383
1384
1385
1390
1391
1392
1394
1395
1396
1397
1399
1400
1404
1405
1406
1409
1413
1415
1418
1425
1427
1430
1431
1437
1440
1441
1442
1449
1451
1454
1455
1460
1461
1464
1465
1469
1472
1473
1474
1475
1476
1478
1480
1481
1483
1487
1489
1493
1495
1496
1498
1499
1500
1501
1502
1503
1504
1510
1512
1514
1521
1523
1524
1525
1527
1530
1531
1536
1539
1540
1541
1542
1543
1544
1545
1549
1550
1552
1554
1555
1556
1557
1560
1569
1570
1571
1574
1576
1577
1581
1583
1584
1585
1587
1590
1592
1593
1594
1597
1599
1600
1601
1602
1605
1606
1607
1609
1612
1614
1615
1616
1617
1619
1622
1623
1624
1628
1630
1637
1639
1643
1645
1647
1649
1655
1656
1658
1662
1663
1664
1665
1666
1667
1672
1679
1680
1683
1684
1686
1687
1690
1691
1693
1695
1697
1699
1705
1706
1708
1712
1714
1716
1717
1718
1719
1720
1721
1723
1725
1726
1729
1731
1736
1737
1738
1739
1740
1742
1744
1747
1750
1752
1760
1761
1764
1766
1767
1769
1770
1771
1772
1776
1777
1778
1784
1785
1786
1787
1789
1790
1792
1794
1795
1801
1805
1807
1808
1809
1810
1813
1814
1815
1816
1817
1818
1821
1823
1825
1827
1829
1830
1834
1836
1837
1845
1846
1848
1852
1857
1858
1865
1868
1869
1871
1875
1876
1878
1886
1895
1896
1897
1900
1904
1906
1907
1910
1911
1914
1916
1918
1921
1922
1923
1926
1927
1928
1929
1931
1933
1936
1937
1940
1941
1947
1949
1951
1953
1954
1957
1958
1959
1960
1963
1964
1968
1971
1972
1973
1976
1980
1985
1987
1988
1990
1991
1992
1993
1995
1996
1997
2001
2002
2005
2009
2012
2015
2016
2017
2022
2026
2029
2030
2031
2036
2037
2038
2040
2044
2045
2046
2048
2050
2051
2057
2061
2062
2063
2067
2069
2074
2075
2076
2079
2081
2086
2087
2088
2089
2092
2100
2101
2106
2108
2113
2115
2116
2119
2125
2126
2128
2129
2130
