1
2
3
5
7
9
10
11
20
22
23
24
26
29
30
31
32
34
35
36
38
42
43
45
49
50
53
54
56
57
62
63
64
65
74
75
76
79
83
84
85
86
90
91
92
94
96
97
99
102
103
104
106
110
111
112
113
115
116
121
122
123
124
125
126
130
139
143
145
149
150
152
154
155
156
157
158
160
161
163
164
165
170
171
172
177
179
180
181
184
189
190
192
193
194
195
198
200
201
203
204
205
206
207
208
209
215
216
217
219
220
223
224
225
227
230
231
233
235
236
238
239
240
241
242
244
245
246
249
250
251
253
255
258
259
260
261
262
264
265
266
267
268
269
271
272
273
280
281
282
283
284
286
289
290
291
293
296
298
301
302
308
310
311
314
315
318
319
324
326
329
331
332
335
336
338
340
341
342
345
346
347
348
350
351
352
353
354
356
358
361
363
367
368
374
379
380
383
385
386
388
390
392
394
396
397
399
402
403
404
405
406
407
409
415
418
419
420
421
423
428
429
433
435
437
439
440
441
442
443
448
450
451
453
454
455
456
457
458
459
461
464
465
470
474
477
479
480
481
482
484
488
489
490
491
492
493
494
495
497
499
500
501
503
505
511
518
522
523
524
525
526
529
530
532
533
535
538
539
540
541
542
544
546
547
549
553
562
563
564
565
567
571
572
573
574
575
577
579
581
582
583
590
591
593
595
601
604
606
607
608
611
612
613
615
616
619
620
626
630
631
633
634
636
637
638
639
642
643
644
646
649
650
653
654
655
656
657
664
665
667
668
669
672
673
675
677
678
679
680
681
684
687
689
690
692
697
698
699
700
701
705
710
711
712
713
714
719
724
726
727
729
730
731
732
736
737
740
741
747
749
751
757
758
770
774
778
782
783
787
789
791
793
796
802
803
804
805
815
820
823
824
828
830
833
834
835
836
837
840
848
849
850
851
853
854
857
858
859
862
866
868
870
871
873
875
876
878
880
881
884
886
887
892
894
896
902
903
904
905
906
908
909
911
914
915
916
918
921
922
924
929
931
932
933
934
935
936
938
941
942
947
950
953
956
957
960
962
963
964
965
966
967
970
972
974
977
978
979
983
985
986
988
989
991
992
993
994
998
1000
1001
1003
1004
1006
1007
1008
1010
1011
1016
1017
1021
1024
1025
1026
1027
1028
1030
1033
1034
1035
1036
1039
1040
1043
1045
1047
1048
1050
1052
1053
1054
1055
1059
1062
1063
1064
1066
1067
1068
1071
1073
1074
1075
1076
1077
1078
1079
1082
1084
1085
1086
1087
1089
1090
1091
1092
1093
1094
1095
1096
1098
1099
1100
1102
1103
1112
1113
1116
1119
1121
1122
1125
1132
1134
1136
1139
1143
1145
1146
1147
1148
1150
1153
1156
1157
1161
1168
1169
1177
1178
1179
1182
1183
1184
1185
1186
1187
1189
1191
1193
1194
1195
1200
1201
1202
1203
1204
1205
1207
1209
1210
1212
1213
1214
1215
1216
1217
1218
1224
1228
1229
1230
1232
1233
1234
1235
1238
1239
1240
1242
1246
1247
1248
1250
1251
1252
1253
1257
1259
1261
1264
1267
1271
1274
1283
1286
1288
1289
1290
1291
1292
1296
1298
1299
1302
1303
1304
1305
1306
1309
1311
1317
1319
1320
1321
1322
1323
1324
1325
1326
1327
1329
1330
1331
1332
1333
1334
1338
1340
1342
1343
1344
1346
1351
1354
1359
1360
1361
1362
1363
1365
1367
1368
1369
1371
1372
1375
1382
1386
1387
1388
1389
1393
1398
1401
1402
1403
1407
1408
1410
1411
1412
1414
1416
1417
1419
1420
1421
1422
1423
1424
1426
1428
1429
1432
1433
1434
1435
1436
1438
1439
1443
1444
1445
1446
1447
1448
1450
1452
1453
1456
1457
1458
1459
1462
1463
1466
1467
1468
1470
1471
1477
1479
1482
1484
1485
1486
1488
1490
1491
1492
1494
1497
1505
1506
1507
1508
1509
1511
1513
1515
1516
1517
1518
1519
1520
1522
1526
1528
1529
1532
1533
1534
1535
1537
1538
1546
1547
1548
1551
1553
1558
1559
1561
1562
1563
1564
1565
1566
1567
1568
1572
1573
1575
1578
1579
1580
1582
1586
1588
1589
1591
1595
1596
1598
1603
1604
1608
1610
1611
1613
1618
1620
1621
1625
1626
1627
1629
1631
1632
1633
1634
1635
1636
1638
1640
1641
1642
1644
1646
1648
1650
1651
1652
1653
1654
1657
1659
1660
1661
1668
1669
1670
1671
1673
1674
1675
1676
1677
1678
1681
1682
1685
1688
1689
1692
1694
1696
1698
1700
1701
1702
1703
1704
1707
1709
1710
1711
1713
1715
1722
1724
1727
1728
1730
1732
1733
1734
1735
1741
1743
1745
1746
1748
1749
1751
1753
1754
1755
1756
1757
1758
1759
1762
1763
1765
1768
1773
1774
1775
1779
1780
1781
1782
1783
1788
1791
1793
1796
1797
1798
1799
1800
1802
1803
1804
1806
1811
1812
1819
1820
1822
1824
1826
1828
1831
1832
1833
1835
1838
1839
1840
1841
1842
1843
1844
1847
1849
1850
1851
1853
1854
1855
1856
1859
1860
1861
1862
1863
1864
1866
1867
1870
1872
1873
1874
1877
1879
1880
1881
1882
1883
1884
1885
1887
1888
1889
1890
1891
1892
1893
1894
1898
1899
1901
1902
1903
1905
1908
1909
1912
1913
1915
1917
1919
1920
1924
1925
1930
1932
1934
1935
1938
1939
1942
1943
1944
1945
1946
1948
1950
1952
1955
1956
1961
1962
1965
1966
1967
1969
1970
1974
1975
1977
1978
1979
1981
1982
1983
1984
1986
1989
1994
1998
1999
2000
2003
2004
2006
2007
2008
2010
2011
2013
2014
2018
2019
2020
2021
2023
2024
2025
2027
2028
2032
2033
2034
2035
2039
2041
2042
2043
2047
2049
2052
2053
2054
2055
2056
2058
2059
2060
2064
2065
2066
2068
2070
2071
2072
2073
2077
2078
2080
2082
2083
2084
2085
2090
2091
2093
2094
2095
2096
2097
2098
2099
2102
2103
2104
2105
2107
2109
2110
2111
2112
2114
2117
2118
2120
2121
2122
2123
2124
2127
2131
2132
2133
2134
2135
2136
